GA;905;121146313;
GM|--5
GJK2|0|1|0|30000|4
GPdiebeceReTeUe7fxfyfz|bFbTb7b9cxcycZdcdFdS|0
GM|+236;1;0;-1;973;-2;1571^90;1;-1;-1;-1;0,0,0,0;15(vie);4(pm);2(pa);1;15
ILF0
GA;950;121146313;121146313,3,0
GA;950;121146313;121146313,8,0
GM|+345;1;0;121146313;Koeffe;10;101^100;1;4;0,0,0,121146317;ea142a;caf0fa;bd836d;,,,6af,;70;6;3;0;0;0;0;0;0;0;0;0;0;5;5;0;;0;0;70;
get cell color by type player

GR1121146313
GIC|-1;236;1|121146313;345;1
GS
GTL|121146313|-1

GTM|-1;0;15;4;2;236;;15|121146313;0;70;6;3;345;;70

GTS121146313|29000|1
debut du tour...

GAS121146313
GA0;1;121146313;afzfeS
get cell color by type player

GA;129;121146313;121146313,-3
GAF2|121146313

BN

GTF121146313
As1895,1500,2800|538|0|3|0~0,0,0,0,0,0|70,70|10000,10000|17|100|6,0,0,0,6|3,0,0,0,3|15,0,0,0,0|0,0,0,0,0|0,20,0,0,0|0,0,0,0,0|0,1,0,0,0|0,1,0,0,0|0,0,0,0|1,0,0,0|0,0,0,0|0,0,0,0|0,0,0,0|0,0,0,0|0,0,0,0|0,0,0,0|0,0,0,0|0,0,0,0|0,0,0,0|0,0,0,0|0,5,0,0|0,5,0,0|0,0,0,0|0,0,0,0|0,0,0,0|0,0,0,0|0,0,0,0|0,0,0,0|0,0,0,0|0,0,0,0|0,0,0,0|0,0,0,0|0,0,0,0|0,0,0,0|0,0,0,0|0,0,0,0|0,0,0,0|0,0,0,0|0,0,0,0|0,0,0,0|0,0,0,0|0,0,0,0|0,0,0,0|0,0,0,0|20|-1
stats ['1895,1500,2800', '538', '0', '3', '0~0,0,0,0,0,0', '70,70', '10000,10000', '17', '100', '6,0,0,0,6', '3,0,0,0,3', '15,0,0,0,0', '0,0,0,0,0', '0,20,0,0,0', '0,0,0,0,0', '0,1,0,0,0', '0,1,0,0,0', '0,0,0,0', '1,0,0,0', '0,0,0,0', '0,0,0,0', '0,0,0,0', '0,0,0,0', '0,0,0,0', '0,0,0,0', '0,0,0,0', '0,0,0,0', '0,0,0,0', '0,0,0,0', '0,5,0,0', '0,5,0,0', '0,0,0,0', '0,0,0,0', '0,0,0,0', '0,0,0,0', '0,0,0,0', '0,0,0,0', '0,0,0,0', '0,0,0,0', '0,0,0,0', '0,0,0,0', '0,0,0,0', '0,0,0,0', '0,0,0,0', '0,0,0,0', '0,0,0,0', '0,0,0,0', '0,0,0,0', '0,0,0,0', '0,0,0,0', '0,0,0,0', '0,0,0,0', '0,0,0,0', '20', '-1']   
GTR121146313

BD655|2|19

GTM|-1;0;15;4;2;236;;15|121146313;0;70;6;3;300;;70
GTS-1|29000|1
debut du tour...
GA0;1;-1;adSbek
get cell color by type monster

GA;129;-1;-1,-2

GTF-1

GTR-1

GTM|-1;0;15;4;2;266;;15|121146313;0;70;6;3;300;;70
GTS121146313|29000|2
debut du tour...

GAS121146313
GA0;1;121146313;aeSfd_
get cell color by type player

GA;129;121146313;121146313,-3
GAF2|121146313

BN

GTF121146313
As1895,1500,2800|538|0|3|0~0,0,0,0,0,0|70,70|10000,10000|17|100|6,0,0,0,6|3,0,0,0,3|15,0,0,0,0|0,0,0,0,0|0,20,0,0,0|0,0,0,0,0|0,1,0,0,0|0,1,0,0,0|0,0,0,0|1,0,0,0|0,0,0,0|0,0,0,0|0,0,0,0|0,0,0,0|0,0,0,0|0,0,0,0|0,0,0,0|0,0,0,0|0,0,0,0|0,0,0,0|0,5,0,0|0,5,0,0|0,0,0,0|0,0,0,0|0,0,0,0|0,0,0,0|0,0,0,0|0,0,0,0|0,0,0,0|0,0,0,0|0,0,0,0|0,0,0,0|0,0,0,0|0,0,0,0|0,0,0,0|0,0,0,0|0,0,0,0|0,0,0,0|0,0,0,0|0,0,0,0|0,0,0,0|0,0,0,0|0,0,0,0|0,0,0,0|20|-1
stats ['1895,1500,2800', '538', '0', '3', '0~0,0,0,0,0,0', '70,70', '10000,10000', '17', '100', '6,0,0,0,6', '3,0,0,0,3', '15,0,0,0,0', '0,0,0,0,0', '0,20,0,0,0', '0,0,0,0,0', '0,1,0,0,0', '0,1,0,0,0', '0,0,0,0', '1,0,0,0', '0,0,0,0', '0,0,0,0', '0,0,0,0', '0,0,0,0', '0,0,0,0', '0,0,0,0', '0,0,0,0', '0,0,0,0', '0,0,0,0', '0,0,0,0', '0,5,0,0', '0,5,0,0', '0,0,0,0', '0,0,0,0', '0,0,0,0', '0,0,0,0', '0,0,0,0', '0,0,0,0', '0,0,0,0', '0,0,0,0', '0,0,0,0', '0,0,0,0', '0,0,0,0', '0,0,0,0', '0,0,0,0', '0,0,0,0', '0,0,0,0', '0,0,0,0', '0,0,0,0', '0,0,0,0', '0,0,0,0', '0,0,0,0', '0,0,0,0', '0,0,0,0', '20', '-1']   
GTR121146313

GTM|-1;0;15;4;2;266;;15|121146313;0;70;6;3;255;;70
GTS-1|29000|2
debut du tour...

GA0;1;-1;aekbeO
get cell color by type monster

GA;129;-1;-1,-2

GTF-1

GTR-1

GTM|-1;0;15;4;2;296;;15|121146313;0;70;6;3;255;;70
GTS121146313|29000|3
debut du tour...

As1895,1500,2800|538|0|3|0~0,0,0,0,0,0|70,70|10000,10000|17|100|6,0,0,0,6|3,0,0,0,3|15,0,0,0,0|0,0,0,0,0|0,20,0,0,0|0,0,0,0,0|0,1,0,0,0|0,1,0,0,0|0,0,0,0|1,0,0,0|0,0,0,0|0,0,0,0|0,0,0,0|0,0,0,0|0,0,0,0|0,0,0,0|0,0,0,0|0,0,0,0|0,0,0,0|0,0,0,0|0,5,0,0|0,5,0,0|0,0,0,0|0,0,0,0|0,0,0,0|0,0,0,0|0,0,0,0|0,0,0,0|0,0,0,0|0,0,0,0|0,0,0,0|0,0,0,0|0,0,0,0|0,0,0,0|0,0,0,0|0,0,0,0|0,0,0,0|0,0,0,0|0,0,0,0|0,0,0,0|0,0,0,0|0,0,0,0|0,0,0,0|0,0,0,0|20|-1
stats ['1895,1500,2800', '538', '0', '3', '0~0,0,0,0,0,0', '70,70', '10000,10000', '17', '100', '6,0,0,0,6', '3,0,0,0,3', '15,0,0,0,0', '0,0,0,0,0', '0,20,0,0,0', '0,0,0,0,0', '0,1,0,0,0', '0,1,0,0,0', '0,0,0,0', '1,0,0,0', '0,0,0,0', '0,0,0,0', '0,0,0,0', '0,0,0,0', '0,0,0,0', '0,0,0,0', '0,0,0,0', '0,0,0,0', '0,0,0,0', '0,0,0,0', '0,5,0,0', '0,5,0,0', '0,0,0,0', '0,0,0,0', '0,0,0,0', '0,0,0,0', '0,0,0,0', '0,0,0,0', '0,0,0,0', '0,0,0,0', '0,0,0,0', '0,0,0,0', '0,0,0,0', '0,0,0,0', '0,0,0,0', '0,0,0,0', '0,0,0,0', '0,0,0,0', '0,0,0,0', '0,0,0,0', '0,0,0,0', '0,0,0,0', '0,0,0,0', '0,0,0,0', '20', '-1']   
GAS121146313
GA;300;121146313;183,296,1001,1,11,1,1
GA;100;121146313;-1,-4,1
GA;102;121146313;121146313,-5
GAF0|121146313

BN

GAS121146313
GA0;1;121146313;ad_hdv
get cell color by type player

GA;129;121146313;121146313,-3
GAF2|121146313

BN

GTF121146313
As1895,1500,2800|538|0|3|0~0,0,0,0,0,0|70,70|10000,10000|17|100|6,0,0,0,6|3,0,0,0,3|15,0,0,0,0|0,0,0,0,0|0,20,0,0,0|0,0,0,0,0|0,1,0,0,0|0,1,0,0,0|0,0,0,0|1,0,0,0|0,0,0,0|0,0,0,0|0,0,0,0|0,0,0,0|0,0,0,0|0,0,0,0|0,0,0,0|0,0,0,0|0,0,0,0|0,0,0,0|0,5,0,0|0,5,0,0|0,0,0,0|0,0,0,0|0,0,0,0|0,0,0,0|0,0,0,0|0,0,0,0|0,0,0,0|0,0,0,0|0,0,0,0|0,0,0,0|0,0,0,0|0,0,0,0|0,0,0,0|0,0,0,0|0,0,0,0|0,0,0,0|0,0,0,0|0,0,0,0|0,0,0,0|0,0,0,0|0,0,0,0|0,0,0,0|20|-1
stats ['1895,1500,2800', '538', '0', '3', '0~0,0,0,0,0,0', '70,70', '10000,10000', '17', '100', '6,0,0,0,6', '3,0,0,0,3', '15,0,0,0,0', '0,0,0,0,0', '0,20,0,0,0', '0,0,0,0,0', '0,1,0,0,0', '0,1,0,0,0', '0,0,0,0', '1,0,0,0', '0,0,0,0', '0,0,0,0', '0,0,0,0', '0,0,0,0', '0,0,0,0', '0,0,0,0', '0,0,0,0', '0,0,0,0', '0,0,0,0', '0,0,0,0', '0,5,0,0', '0,5,0,0', '0,0,0,0', '0,0,0,0', '0,0,0,0', '0,0,0,0', '0,0,0,0', '0,0,0,0', '0,0,0,0', '0,0,0,0', '0,0,0,0', '0,0,0,0', '0,0,0,0', '0,0,0,0', '0,0,0,0', '0,0,0,0', '0,0,0,0', '0,0,0,0', '0,0,0,0', '0,0,0,0', '0,0,0,0', '0,0,0,0', '0,0,0,0', '0,0,0,0', '20', '-1']   
GTR121146313

GTM|-1;0;11;4;2;296;;15|121146313;0;70;6;3;213;;70
GTS-1|29000|3
debut du tour...

GA0;1;-1;aeOhem
get cell color by type monster

GA;129;-1;-1,-2

GTF-1

GTR-1

GTM|-1;0;11;4;2;268;;15|121146313;0;70;6;3;213;;70
GTS121146313|29000|4
debut du tour...

As1895,1500,2800|538|0|3|0~0,0,0,0,0,0|70,70|10000,10000|17|100|6,0,0,0,6|3,0,0,0,3|15,0,0,0,0|0,0,0,0,0|0,20,0,0,0|0,0,0,0,0|0,1,0,0,0|0,1,0,0,0|0,0,0,0|1,0,0,0|0,0,0,0|0,0,0,0|0,0,0,0|0,0,0,0|0,0,0,0|0,0,0,0|0,0,0,0|0,0,0,0|0,0,0,0|0,0,0,0|0,5,0,0|0,5,0,0|0,0,0,0|0,0,0,0|0,0,0,0|0,0,0,0|0,0,0,0|0,0,0,0|0,0,0,0|0,0,0,0|0,0,0,0|0,0,0,0|0,0,0,0|0,0,0,0|0,0,0,0|0,0,0,0|0,0,0,0|0,0,0,0|0,0,0,0|0,0,0,0|0,0,0,0|0,0,0,0|0,0,0,0|0,0,0,0|20|-1
stats ['1895,1500,2800', '538', '0', '3', '0~0,0,0,0,0,0', '70,70', '10000,10000', '17', '100', '6,0,0,0,6', '3,0,0,0,3', '15,0,0,0,0', '0,0,0,0,0', '0,20,0,0,0', '0,0,0,0,0', '0,1,0,0,0', '0,1,0,0,0', '0,0,0,0', '1,0,0,0', '0,0,0,0', '0,0,0,0', '0,0,0,0', '0,0,0,0', '0,0,0,0', '0,0,0,0', '0,0,0,0', '0,0,0,0', '0,0,0,0', '0,0,0,0', '0,5,0,0', '0,5,0,0', '0,0,0,0', '0,0,0,0', '0,0,0,0', '0,0,0,0', '0,0,0,0', '0,0,0,0', '0,0,0,0', '0,0,0,0', '0,0,0,0', '0,0,0,0', '0,0,0,0', '0,0,0,0', '0,0,0,0', '0,0,0,0', '0,0,0,0', '0,0,0,0', '0,0,0,0', '0,0,0,0', '0,0,0,0', '0,0,0,0', '0,0,0,0', '0,0,0,0', '20', '-1']   
GAS121146313
GA;300;121146313;183,268,1001,1,11,1,1
GA;100;121146313;-1,-6,1
GA;102;121146313;121146313,-5
GAF0|121146313

BN

GAS121146313
GA0;1;121146313;advfcO
get cell color by type player

GA;129;121146313;121146313,-3
GAF2|121146313

BN

GTF121146313
As1895,1500,2800|538|0|3|0~0,0,0,0,0,0|70,70|10000,10000|17|100|6,0,0,0,6|3,0,0,0,3|15,0,0,0,0|0,0,0,0,0|0,20,0,0,0|0,0,0,0,0|0,1,0,0,0|0,1,0,0,0|0,0,0,0|1,0,0,0|0,0,0,0|0,0,0,0|0,0,0,0|0,0,0,0|0,0,0,0|0,0,0,0|0,0,0,0|0,0,0,0|0,0,0,0|0,0,0,0|0,5,0,0|0,5,0,0|0,0,0,0|0,0,0,0|0,0,0,0|0,0,0,0|0,0,0,0|0,0,0,0|0,0,0,0|0,0,0,0|0,0,0,0|0,0,0,0|0,0,0,0|0,0,0,0|0,0,0,0|0,0,0,0|0,0,0,0|0,0,0,0|0,0,0,0|0,0,0,0|0,0,0,0|0,0,0,0|0,0,0,0|0,0,0,0|20|-1
stats ['1895,1500,2800', '538', '0', '3', '0~0,0,0,0,0,0', '70,70', '10000,10000', '17', '100', '6,0,0,0,6', '3,0,0,0,3', '15,0,0,0,0', '0,0,0,0,0', '0,20,0,0,0', '0,0,0,0,0', '0,1,0,0,0', '0,1,0,0,0', '0,0,0,0', '1,0,0,0', '0,0,0,0', '0,0,0,0', '0,0,0,0', '0,0,0,0', '0,0,0,0', '0,0,0,0', '0,0,0,0', '0,0,0,0', '0,0,0,0', '0,0,0,0', '0,5,0,0', '0,5,0,0', '0,0,0,0', '0,0,0,0', '0,0,0,0', '0,0,0,0', '0,0,0,0', '0,0,0,0', '0,0,0,0', '0,0,0,0', '0,0,0,0', '0,0,0,0', '0,0,0,0', '0,0,0,0', '0,0,0,0', '0,0,0,0', '0,0,0,0', '0,0,0,0', '0,0,0,0', '0,0,0,0', '0,0,0,0', '0,0,0,0', '0,0,0,0', '0,0,0,0', '20', '-1']   
GTR121146313

GTM|-1;0;5;4;2;268;;15|121146313;0;70;6;3;168;;70
GTS-1|29000|4
debut du tour...

GA0;1;-1;aemhd-fdV
get cell color by type monster

GA;129;-1;-1,-2

GTF-1

GTR-1

GTM|-1;0;5;4;2;239;;15|121146313;0;70;6;3;168;;70
GTS121146313|29000|5
debut du tour...

As1895,1500,2800|538|0|3|0~0,0,0,0,0,0|70,70|10000,10000|17|100|6,0,0,0,6|3,0,0,0,3|15,0,0,0,0|0,0,0,0,0|0,20,0,0,0|0,0,0,0,0|0,1,0,0,0|0,1,0,0,0|0,0,0,0|1,0,0,0|0,0,0,0|0,0,0,0|0,0,0,0|0,0,0,0|0,0,0,0|0,0,0,0|0,0,0,0|0,0,0,0|0,0,0,0|0,0,0,0|0,5,0,0|0,5,0,0|0,0,0,0|0,0,0,0|0,0,0,0|0,0,0,0|0,0,0,0|0,0,0,0|0,0,0,0|0,0,0,0|0,0,0,0|0,0,0,0|0,0,0,0|0,0,0,0|0,0,0,0|0,0,0,0|0,0,0,0|0,0,0,0|0,0,0,0|0,0,0,0|0,0,0,0|0,0,0,0|0,0,0,0|0,0,0,0|20|-1
stats ['1895,1500,2800', '538', '0', '3', '0~0,0,0,0,0,0', '70,70', '10000,10000', '17', '100', '6,0,0,0,6', '3,0,0,0,3', '15,0,0,0,0', '0,0,0,0,0', '0,20,0,0,0', '0,0,0,0,0', '0,1,0,0,0', '0,1,0,0,0', '0,0,0,0', '1,0,0,0', '0,0,0,0', '0,0,0,0', '0,0,0,0', '0,0,0,0', '0,0,0,0', '0,0,0,0', '0,0,0,0', '0,0,0,0', '0,0,0,0', '0,0,0,0', '0,5,0,0', '0,5,0,0', '0,0,0,0', '0,0,0,0', '0,0,0,0', '0,0,0,0', '0,0,0,0', '0,0,0,0', '0,0,0,0', '0,0,0,0', '0,0,0,0', '0,0,0,0', '0,0,0,0', '0,0,0,0', '0,0,0,0', '0,0,0,0', '0,0,0,0', '0,0,0,0', '0,0,0,0', '0,0,0,0', '0,0,0,0', '0,0,0,0', '0,0,0,0', '0,0,0,0', '20', '-1']   
GAS121146313
GA;300;121146313;183,239,1001,1,11,1,1
GA;100;121146313;-1,-5,1
GA;103;121146313;-1
OQ408007378|2
Ow142|1075|40
OQ408007380|2
Ow143|1075|40
OQ408007379|4
Ow144|1075|40
GE52456;4|121146313|0|2;121146313;Koeffe;4;101;0;1500;1926;2800;31;;;385~1,884~1,885~1;36;1;|0;-1;973;1;;1;;;;;;;;;1;

GCK|1|Koeffe
As1926,1500,2800|574|0|3|0~0,0,0,0,0,0|70,70|10000,10000|17|100|6,0,0,0,6|3,0,0,0,3|15,0,0,0,0|0,0,0,0,0|0,20,0,0,0|0,0,0,0,0|0,1,0,0,0|0,1,0,0,0|0,0,0,0|1,0,0,0|0,0,0,0|0,0,0,0|0,0,0,0|0,0,0,0|0,0,0,0|0,0,0,0|0,0,0,0|0,0,0,0|0,0,0,0|0,0,0,0|0,5,0,0|0,5,0,0|0,0,0,0|0,0,0,0|0,0,0,0|0,0,0,0|0,0,0,0|0,0,0,0|0,0,0,0|0,0,0,0|0,0,0,0|0,0,0,0|0,0,0,0|0,0,0,0|0,0,0,0|0,0,0,0|0,0,0,0|0,0,0,0|0,0,0,0|0,0,0,0|0,0,0,0|0,0,0,0|0,0,0,0|0,0,0,0|20|-1
stats ['1926,1500,2800', '574', '0', '3', '0~0,0,0,0,0,0', '70,70', '10000,10000', '17', '100', '6,0,0,0,6', '3,0,0,0,3', '15,0,0,0,0', '0,0,0,0,0', '0,20,0,0,0', '0,0,0,0,0', '0,1,0,0,0', '0,1,0,0,0', '0,0,0,0', '1,0,0,0', '0,0,0,0', '0,0,0,0', '0,0,0,0', '0,0,0,0', '0,0,0,0', '0,0,0,0', '0,0,0,0', '0,0,0,0', '0,0,0,0', '0,0,0,0', '0,5,0,0', '0,5,0,0', '0,0,0,0', '0,0,0,0', '0,0,0,0', '0,0,0,0', '0,0,0,0', '0,0,0,0', '0,0,0,0', '0,0,0,0', '0,0,0,0', '0,0,0,0', '0,0,0,0', '0,0,0,0', '0,0,0,0', '0,0,0,0', '0,0,0,0', '0,0,0,0', '0,0,0,0', '0,0,0,0', '0,0,0,0', '0,0,0,0', '0,0,0,0', '0,0,0,0', '20', '-1']   
Ow144|1075|40
ILS2000
GDM|10301|0909071138|592e27436b4e2e5136506c674e4a5367692532353f6f475d6b30575c2532354529722f59733b5f7476673c5e253242273d2e5861537c7b253242303b4024452c3a74283225323560777e3f4429597b7b77752477627c5a7f267d6141742e717f7f58677e68243c65594c33712c2f26513f293f563f7c2822424d3a453e34302644576a5a277d3424416c4965247257662e626d67532e30335f292a5266432e3b762c7b72627032522e757e553a5f6c724f626c556e3e2c6035645676205742576d2e4f6c732743485d545034253235616b
BT1742368505665