GA;905;121146313;
GM|--5
GJK2|0|1|0|30000|4
GPaAbecndxeGfzfGfXfZgO|aQbbbGbYb5b_dqeAfIgl|0
GM|+127;1;0;-1;982;-2;1564^90;1;-1;-1;-1;0,0,0,0;10;4;3;1;10
ILF3
GA;950;121146313;121146313,3,0
GA;950;121146313;121146313,8,0
GM|+371;1;0;121146313;Koeffe;10;101^100;1;4;0,0,0,121146317;ea142a;caf0fa;bd836d;,,,,;67;6;3;0;0;0;0;0;0;0;0;0;0;0;0;0;;0;0;70;
get cell color by type player

GIC|121146313;141;1

GR1121146313
GIC|-1;127;1|121146313;141;1
GS
GTL|121146313|-1

GTM|-1;0;10;4;3;127;;10|121146313;0;67;6;3;141;;70

GTS121146313|29000|1
debut du tour...

As1870,1500,2800|519|0|3|0~0,0,0,0,0,0|67,70|10000,10000|14|100|6,0,0,0,6|3,0,0,0,3|15,0,0,0,0|0,0,0,0,0|0,0,0,0,0|0,0,0,0,0|0,0,0,0,0|0,0,0,0,0|0,0,0,0|1,0,0,0|0,0,0,0|0,0,0,0|0,0,0,0|0,0,0,0|0,0,0,0|0,0,0,0|0,0,0,0|0,0,0,0|0,0,0,0|0,0,0,0|0,0,0,0|0,0,0,0|0,0,0,0|0,0,0,0|0,0,0,0|0,0,0,0|0,0,0,0|0,0,0,0|0,0,0,0|0,0,0,0|0,0,0,0|0,0,0,0|0,0,0,0|0,0,0,0|0,0,0,0|0,0,0,0|0,0,0,0|0,0,0,0|0,0,0,0|0,0,0,0|0,0,0,0|0,0,0,0|0,0,0,0|0,0,0,0|20|-1
stats ['1870,1500,2800', '519', '0', '3', '0~0,0,0,0,0,0', '67,70', '10000,10000', '14', '100', '6,0,0,0,6', '3,0,0,0,3', '15,0,0,0,0', '0,0,0,0,0', '0,0,0,0,0', '0,0,0,0,0', '0,0,0,0,0', '0,0,0,0,0', '0,0,0,0', '1,0,0,0', '0,0,0,0', '0,0,0,0', '0,0,0,0', '0,0,0,0', '0,0,0,0', '0,0,0,0', '0,0,0,0', '0,0,0,0', '0,0,0,0', '0,0,0,0', '0,0,0,0', '0,0,0,0', '0,0,0,0', '0,0,0,0', '0,0,0,0', '0,0,0,0', '0,0,0,0', '0,0,0,0', '0,0,0,0', '0,0,0,0', '0,0,0,0', '0,0,0,0', '0,0,0,0', '0,0,0,0', '0,0,0,0', '0,0,0,0', '0,0,0,0', '0,0,0,0', '0,0,0,0', '0,0,0,0', '0,0,0,0', '0,0,0,0', '0,0,0,0', '0,0,0,0', '20', '-1']
GAS121146313
GA;300;121146313;183,127,1001,1,11,1,1
GA;100;121146313;-1,-3,1
GA;102;121146313;121146313,-5
GAF0|121146313

BN

GTF121146313
As1870,1500,2800|519|0|3|0~0,0,0,0,0,0|67,70|10000,10000|14|100|6,0,0,0,6|3,0,0,0,3|15,0,0,0,0|0,0,0,0,0|0,0,0,0,0|0,0,0,0,0|0,0,0,0,0|0,0,0,0,0|0,0,0,0|1,0,0,0|0,0,0,0|0,0,0,0|0,0,0,0|0,0,0,0|0,0,0,0|0,0,0,0|0,0,0,0|0,0,0,0|0,0,0,0|0,0,0,0|0,0,0,0|0,0,0,0|0,0,0,0|0,0,0,0|0,0,0,0|0,0,0,0|0,0,0,0|0,0,0,0|0,0,0,0|0,0,0,0|0,0,0,0|0,0,0,0|0,0,0,0|0,0,0,0|0,0,0,0|0,0,0,0|0,0,0,0|0,0,0,0|0,0,0,0|0,0,0,0|0,0,0,0|0,0,0,0|0,0,0,0|0,0,0,0|20|-1
stats ['1870,1500,2800', '519', '0', '3', '0~0,0,0,0,0,0', '67,70', '10000,10000', '14', '100', '6,0,0,0,6', '3,0,0,0,3', '15,0,0,0,0', '0,0,0,0,0', '0,0,0,0,0', '0,0,0,0,0', '0,0,0,0,0', '0,0,0,0,0', '0,0,0,0', '1,0,0,0', '0,0,0,0', '0,0,0,0', '0,0,0,0', '0,0,0,0', '0,0,0,0', '0,0,0,0', '0,0,0,0', '0,0,0,0', '0,0,0,0', '0,0,0,0', '0,0,0,0', '0,0,0,0', '0,0,0,0', '0,0,0,0', '0,0,0,0', '0,0,0,0', '0,0,0,0', '0,0,0,0', '0,0,0,0', '0,0,0,0', '0,0,0,0', '0,0,0,0', '0,0,0,0', '0,0,0,0', '0,0,0,0', '0,0,0,0', '0,0,0,0', '0,0,0,0', '0,0,0,0', '0,0,0,0', '0,0,0,0', '0,0,0,0', '0,0,0,0', '0,0,0,0', '20', '-1']
GTR121146313

GTM|-1;0;7;4;3;127;;10|121146313;0;67;6;3;141;;70
GTS-1|29000|1
debut du tour...

GA;300;-1;213,141,0,1,0,0,1
GA;100;-1;121146313,-4,1
GA;102;-1;-1,-3

GTF-1

GTR-1

GTM|-1;0;7;4;3;127;;10|121146313;0;63;6;3;141;;70
GTS121146313|29000|2
debut du tour...

As1870,1500,2800|519|0|3|0~0,0,0,0,0,0|63,70|10000,10000|13|100|6,0,0,0,6|3,0,0,0,3|15,0,0,0,0|0,0,0,0,0|0,0,0,0,0|0,0,0,0,0|0,0,0,0,0|0,0,0,0,0|0,0,0,0|1,0,0,0|0,0,0,0|0,0,0,0|0,0,0,0|0,0,0,0|0,0,0,0|0,0,0,0|0,0,0,0|0,0,0,0|0,0,0,0|0,0,0,0|0,0,0,0|0,0,0,0|0,0,0,0|0,0,0,0|0,0,0,0|0,0,0,0|0,0,0,0|0,0,0,0|0,0,0,0|0,0,0,0|0,0,0,0|0,0,0,0|0,0,0,0|0,0,0,0|0,0,0,0|0,0,0,0|0,0,0,0|0,0,0,0|0,0,0,0|0,0,0,0|0,0,0,0|0,0,0,0|0,0,0,0|0,0,0,0|20|-1
stats ['1870,1500,2800', '519', '0', '3', '0~0,0,0,0,0,0', '63,70', '10000,10000', '13', '100', '6,0,0,0,6', '3,0,0,0,3', '15,0,0,0,0', '0,0,0,0,0', '0,0,0,0,0', '0,0,0,0,0', '0,0,0,0,0', '0,0,0,0,0', '0,0,0,0', '1,0,0,0', '0,0,0,0', '0,0,0,0', '0,0,0,0', '0,0,0,0', '0,0,0,0', '0,0,0,0', '0,0,0,0', '0,0,0,0', '0,0,0,0', '0,0,0,0', '0,0,0,0', '0,0,0,0', '0,0,0,0', '0,0,0,0', '0,0,0,0', '0,0,0,0', '0,0,0,0', '0,0,0,0', '0,0,0,0', '0,0,0,0', '0,0,0,0', '0,0,0,0', '0,0,0,0', '0,0,0,0', '0,0,0,0', '0,0,0,0', '0,0,0,0', '0,0,0,0', '0,0,0,0', '0,0,0,0', '0,0,0,0', '0,0,0,0', '0,0,0,0', '0,0,0,0', '20', '-1']
GAS121146313
GA;300;121146313;183,127,1001,1,11,1,1
GA;100;121146313;-1,-3,1
GA;102;121146313;121146313,-5
GAF0|121146313

BN

GTF121146313
As1870,1500,2800|519|0|3|0~0,0,0,0,0,0|63,70|10000,10000|13|100|6,0,0,0,6|3,0,0,0,3|15,0,0,0,0|0,0,0,0,0|0,0,0,0,0|0,0,0,0,0|0,0,0,0,0|0,0,0,0,0|0,0,0,0|1,0,0,0|0,0,0,0|0,0,0,0|0,0,0,0|0,0,0,0|0,0,0,0|0,0,0,0|0,0,0,0|0,0,0,0|0,0,0,0|0,0,0,0|0,0,0,0|0,0,0,0|0,0,0,0|0,0,0,0|0,0,0,0|0,0,0,0|0,0,0,0|0,0,0,0|0,0,0,0|0,0,0,0|0,0,0,0|0,0,0,0|0,0,0,0|0,0,0,0|0,0,0,0|0,0,0,0|0,0,0,0|0,0,0,0|0,0,0,0|0,0,0,0|0,0,0,0|0,0,0,0|0,0,0,0|0,0,0,0|20|-1
stats ['1870,1500,2800', '519', '0', '3', '0~0,0,0,0,0,0', '63,70', '10000,10000', '13', '100', '6,0,0,0,6', '3,0,0,0,3', '15,0,0,0,0', '0,0,0,0,0', '0,0,0,0,0', '0,0,0,0,0', '0,0,0,0,0', '0,0,0,0,0', '0,0,0,0', '1,0,0,0', '0,0,0,0', '0,0,0,0', '0,0,0,0', '0,0,0,0', '0,0,0,0', '0,0,0,0', '0,0,0,0', '0,0,0,0', '0,0,0,0', '0,0,0,0', '0,0,0,0', '0,0,0,0', '0,0,0,0', '0,0,0,0', '0,0,0,0', '0,0,0,0', '0,0,0,0', '0,0,0,0', '0,0,0,0', '0,0,0,0', '0,0,0,0', '0,0,0,0', '0,0,0,0', '0,0,0,0', '0,0,0,0', '0,0,0,0', '0,0,0,0', '0,0,0,0', '0,0,0,0', '0,0,0,0', '0,0,0,0', '0,0,0,0', '0,0,0,0', '0,0,0,0', '20', '-1']
GTR121146313

GTM|-1;0;4;4;3;127;;10|121146313;0;63;6;3;141;;70
GTS-1|29000|2
debut du tour...

GA;300;-1;213,141,0,1,0,0,1
GA;100;-1;121146313,-3,1
GA;102;-1;-1,-3

GTF-1

GTR-1

GTM|-1;0;4;4;3;127;;10|121146313;0;60;6;3;141;;70
GTS121146313|29000|3
debut du tour...

As1870,1500,2800|519|0|3|0~0,0,0,0,0,0|60,70|10000,10000|12|100|6,0,0,0,6|3,0,0,0,3|15,0,0,0,0|0,0,0,0,0|0,0,0,0,0|0,0,0,0,0|0,0,0,0,0|0,0,0,0,0|0,0,0,0|1,0,0,0|0,0,0,0|0,0,0,0|0,0,0,0|0,0,0,0|0,0,0,0|0,0,0,0|0,0,0,0|0,0,0,0|0,0,0,0|0,0,0,0|0,0,0,0|0,0,0,0|0,0,0,0|0,0,0,0|0,0,0,0|0,0,0,0|0,0,0,0|0,0,0,0|0,0,0,0|0,0,0,0|0,0,0,0|0,0,0,0|0,0,0,0|0,0,0,0|0,0,0,0|0,0,0,0|0,0,0,0|0,0,0,0|0,0,0,0|0,0,0,0|0,0,0,0|0,0,0,0|0,0,0,0|0,0,0,0|20|-1
stats ['1870,1500,2800', '519', '0', '3', '0~0,0,0,0,0,0', '60,70', '10000,10000', '12', '100', '6,0,0,0,6', '3,0,0,0,3', '15,0,0,0,0', '0,0,0,0,0', '0,0,0,0,0', '0,0,0,0,0', '0,0,0,0,0', '0,0,0,0,0', '0,0,0,0', '1,0,0,0', '0,0,0,0', '0,0,0,0', '0,0,0,0', '0,0,0,0', '0,0,0,0', '0,0,0,0', '0,0,0,0', '0,0,0,0', '0,0,0,0', '0,0,0,0', '0,0,0,0', '0,0,0,0', '0,0,0,0', '0,0,0,0', '0,0,0,0', '0,0,0,0', '0,0,0,0', '0,0,0,0', '0,0,0,0', '0,0,0,0', '0,0,0,0', '0,0,0,0', '0,0,0,0', '0,0,0,0', '0,0,0,0', '0,0,0,0', '0,0,0,0', '0,0,0,0', '0,0,0,0', '0,0,0,0', '0,0,0,0', '0,0,0,0', '0,0,0,0', '0,0,0,0', '20', '-1']
GAS121146313
GA;300;121146313;183,127,1001,1,11,1,1
GA;100;121146313;-1,-3,1
GA;102;121146313;121146313,-5
GAF0|121146313

BN

GTF121146313
As1870,1500,2800|519|0|3|0~0,0,0,0,0,0|60,70|10000,10000|12|100|6,0,0,0,6|3,0,0,0,3|15,0,0,0,0|0,0,0,0,0|0,0,0,0,0|0,0,0,0,0|0,0,0,0,0|0,0,0,0,0|0,0,0,0|1,0,0,0|0,0,0,0|0,0,0,0|0,0,0,0|0,0,0,0|0,0,0,0|0,0,0,0|0,0,0,0|0,0,0,0|0,0,0,0|0,0,0,0|0,0,0,0|0,0,0,0|0,0,0,0|0,0,0,0|0,0,0,0|0,0,0,0|0,0,0,0|0,0,0,0|0,0,0,0|0,0,0,0|0,0,0,0|0,0,0,0|0,0,0,0|0,0,0,0|0,0,0,0|0,0,0,0|0,0,0,0|0,0,0,0|0,0,0,0|0,0,0,0|0,0,0,0|0,0,0,0|0,0,0,0|0,0,0,0|20|-1
stats ['1870,1500,2800', '519', '0', '3', '0~0,0,0,0,0,0', '60,70', '10000,10000', '12', '100', '6,0,0,0,6', '3,0,0,0,3', '15,0,0,0,0', '0,0,0,0,0', '0,0,0,0,0', '0,0,0,0,0', '0,0,0,0,0', '0,0,0,0,0', '0,0,0,0', '1,0,0,0', '0,0,0,0', '0,0,0,0', '0,0,0,0', '0,0,0,0', '0,0,0,0', '0,0,0,0', '0,0,0,0', '0,0,0,0', '0,0,0,0', '0,0,0,0', '0,0,0,0', '0,0,0,0', '0,0,0,0', '0,0,0,0', '0,0,0,0', '0,0,0,0', '0,0,0,0', '0,0,0,0', '0,0,0,0', '0,0,0,0', '0,0,0,0', '0,0,0,0', '0,0,0,0', '0,0,0,0', '0,0,0,0', '0,0,0,0', '0,0,0,0', '0,0,0,0', '0,0,0,0', '0,0,0,0', '0,0,0,0', '0,0,0,0', '0,0,0,0', '0,0,0,0', '20', '-1']
GTR121146313

GTM|-1;0;1;4;3;127;;10|121146313;0;60;6;3;141;;70
GTS-1|29000|3
debut du tour...

GA;300;-1;213,141,0,1,0,0,1
GA;100;-1;121146313,-4,1
GA;102;-1;-1,-3

GTF-1

GTR-1

GTM|-1;0;1;4;3;127;;10|121146313;0;56;6;3;141;;70
GTS121146313|29000|4
debut du tour...

As1870,1500,2800|519|0|3|0~0,0,0,0,0,0|56,70|10000,10000|12|100|6,0,0,0,6|3,0,0,0,3|15,0,0,0,0|0,0,0,0,0|0,0,0,0,0|0,0,0,0,0|0,0,0,0,0|0,0,0,0,0|0,0,0,0|1,0,0,0|0,0,0,0|0,0,0,0|0,0,0,0|0,0,0,0|0,0,0,0|0,0,0,0|0,0,0,0|0,0,0,0|0,0,0,0|0,0,0,0|0,0,0,0|0,0,0,0|0,0,0,0|0,0,0,0|0,0,0,0|0,0,0,0|0,0,0,0|0,0,0,0|0,0,0,0|0,0,0,0|0,0,0,0|0,0,0,0|0,0,0,0|0,0,0,0|0,0,0,0|0,0,0,0|0,0,0,0|0,0,0,0|0,0,0,0|0,0,0,0|0,0,0,0|0,0,0,0|0,0,0,0|0,0,0,0|20|-1
stats ['1870,1500,2800', '519', '0', '3', '0~0,0,0,0,0,0', '56,70', '10000,10000', '12', '100', '6,0,0,0,6', '3,0,0,0,3', '15,0,0,0,0', '0,0,0,0,0', '0,0,0,0,0', '0,0,0,0,0', '0,0,0,0,0', '0,0,0,0,0', '0,0,0,0', '1,0,0,0', '0,0,0,0', '0,0,0,0', '0,0,0,0', '0,0,0,0', '0,0,0,0', '0,0,0,0', '0,0,0,0', '0,0,0,0', '0,0,0,0', '0,0,0,0', '0,0,0,0', '0,0,0,0', '0,0,0,0', '0,0,0,0', '0,0,0,0', '0,0,0,0', '0,0,0,0', '0,0,0,0', '0,0,0,0', '0,0,0,0', '0,0,0,0', '0,0,0,0', '0,0,0,0', '0,0,0,0', '0,0,0,0', '0,0,0,0', '0,0,0,0', '0,0,0,0', '0,0,0,0', '0,0,0,0', '0,0,0,0', '0,0,0,0', '0,0,0,0', '0,0,0,0', '20', '-1']
GAS121146313
GA;300;121146313;183,127,1001,1,11,1,1
GA;100;121146313;-1,-1,1
GA;103;121146313;-1
GE27786;0|121146313|0|2;121146313;Koeffe;4;101;0;1500;1895;2800;25;;;;19;1;|0;-1;982;1;;1;;;;;;;;;1;

GCK|1|Koeffe
As1895,1500,2800|538|0|3|0~0,0,0,0,0,0|56,70|10000,10000|12|100|6,0,0,0,6|3,0,0,0,3|15,0,0,0,0|0,0,0,0,0|0,0,0,0,0|0,0,0,0,0|0,0,0,0,0|0,0,0,0,0|0,0,0,0|1,0,0,0|0,0,0,0|0,0,0,0|0,0,0,0|0,0,0,0|0,0,0,0|0,0,0,0|0,0,0,0|0,0,0,0|0,0,0,0|0,0,0,0|0,0,0,0|0,0,0,0|0,0,0,0|0,0,0,0|0,0,0,0|0,0,0,0|0,0,0,0|0,0,0,0|0,0,0,0|0,0,0,0|0,0,0,0|0,0,0,0|0,0,0,0|0,0,0,0|0,0,0,0|0,0,0,0|0,0,0,0|0,0,0,0|0,0,0,0|0,0,0,0|0,0,0,0|0,0,0,0|0,0,0,0|0,0,0,0|20|-1
stats ['1895,1500,2800', '538', '0', '3', '0~0,0,0,0,0,0', '56,70', '10000,10000', '12', '100', '6,0,0,0,6', '3,0,0,0,3', '15,0,0,0,0', '0,0,0,0,0', '0,0,0,0,0', '0,0,0,0,0', '0,0,0,0,0', '0,0,0,0,0', '0,0,0,0', '1,0,0,0', '0,0,0,0', '0,0,0,0', '0,0,0,0', '0,0,0,0', '0,0,0,0', '0,0,0,0', '0,0,0,0', '0,0,0,0', '0,0,0,0', '0,0,0,0', '0,0,0,0', '0,0,0,0', '0,0,0,0', '0,0,0,0', '0,0,0,0', '0,0,0,0', '0,0,0,0', '0,0,0,0', '0,0,0,0', '0,0,0,0', '0,0,0,0', '0,0,0,0', '0,0,0,0', '0,0,0,0', '0,0,0,0', '0,0,0,0', '0,0,0,0', '0,0,0,0', '0,0,0,0', '0,0,0,0', '0,0,0,0', '0,0,0,0', '0,0,0,0', '0,0,0,0', '20', '-1']
Ow141|1075|40
ILS2000
GDM|10290|0706141524|76537e2e7e3a414f52603e217d4f273f54242c336f45262f2260395c51476720357451566a6b34217c5142387640217331462c6420232e442e794a4c386959366d3561334923533346412a404d464d4576404f385d515d3f35436c4647513d7e6662422d6c5c653548372d7c484f5a3846253235636e4a7654337c4b784b6f607a3b37284b3a277b25324235317c377a6a2e5b7a24282d7e464275253242603a3c4a4c2965587e6f3e6d7d4e393d2f684248473d3b3a2a7b77754e284b6c2f446d722c7e5f7131672e7d
BT1742352091853
fC0